-0.135648 0.091759 -0.036373
-0.135648 0.091759 -0.000000
-0.170753 0.015010 -0.000000
-0.135648 0.091759 -0.036373
-0.170753 0.015010 -0.000000
-0.170753 0.026433 -0.022838
-0.048315 0.130574 -0.063909
-0.119155 0.100654 -0.065606
-0.109137 0.117619 -0.051720
-0.048315 0.130574 -0.063909
-0.109137 0.117619 -0.051720
-0.087946 0.128419 -0.063722
-0.019433 0.052157 -0.110615
0.000978 0.126220 -0.061739
0.050757 0.121651 -0.059827
-0.019433 0.052157 -0.110615
0.050757 0.121651 -0.059827
0.030619 0.061073 -0.099494
0.030619 0.061073 -0.099494
0.050757 0.121651 -0.059827
0.144063 0.115693 -0.059827
0.030619 0.061073 -0.099494
0.144063 0.115693 -0.059827
0.109688 0.048175 -0.094466
0.109688 0.048175 -0.094466
0.144063 0.115693 -0.059827
0.219494 0.115034 -0.059827
0.109688 0.048175 -0.094466
0.219494 0.115034 -0.059827
0.185126 0.047509 -0.100990
0.214216 0.042202 -0.110171
0.238687 0.118343 -0.058380
0.257872 0.121651 -0.059827
0.214216 0.042202 -0.110171
0.257872 0.121651 -0.059827
0.243499 0.045181 -0.107636
0.243499 0.045181 -0.107636
0.257872 0.121651 -0.059827
0.322719 0.153412 -0.043148
0.243499 0.045181 -0.107636
0.322719 0.153412 -0.043148
0.310988 0.082235 -0.064274
0.310988 0.082235 -0.064274
0.322719 0.153412 -0.043148
0.376637 0.162486 -0.049894
0.310988 0.082235 -0.064274
0.376637 0.162486 -0.049894
0.374560 0.111417 -0.058444
0.374560 0.111417 -0.058444
0.376637 0.162486 -0.049894
0.410790 0.154071 -0.052508
0.374560 0.111417 -0.058444
0.410790 0.154071 -0.052508
0.412795 0.112957 -0.057370
0.412795 0.112957 -0.057370
0.410790 0.154071 -0.052508
0.441577 0.133081 -0.041873
0.412795 0.112957 -0.057370
0.441577 0.133081 -0.041873
0.442573 0.098069 -0.053482
0.442573 0.098069 -0.053482
0.441577 0.133081 -0.041873
0.458850 0.094996 -0.032348
0.442573 0.098069 -0.053482
0.458850 0.094996 -0.032348
0.461264 0.077974 -0.041178
0.301335 0.013084 -0.015834
0.231196 -0.029269 -0.015834
0.233402 -0.015805 -0.064274
0.301335 0.013084 -0.015834
0.233402 -0.015805 -0.064274
0.303548 0.026547 -0.034554
0.487052 0.055924 -0.008844
0.467380 0.054040 -0.012876
0.465016 0.065219 -0.027407
0.487052 0.055924 -0.008844
0.465016 0.065219 -0.027407
0.476002 0.060235 -0.023131
0.139465 0.136282 -0.015834
0.214904 0.135623 -0.015834
0.219494 0.115034 -0.059827
0.144063 0.115693 -0.059827
0.418711 0.172676 -0.012919
0.445179 0.146874 -0.016865
0.441577 0.133081 -0.041873
0.418711 0.172676 -0.012919
0.441577 0.133081 -0.041873
0.410790 0.154071 -0.052508
0.152449 -0.036588 -0.015834
0.077010 -0.035922 -0.015834
0.077390 -0.019343 -0.049686
0.152449 -0.036588 -0.015834
0.077390 -0.019343 -0.049686
0.152828 -0.020009 -0.062727
0.442938 0.056296 -0.012661
0.409852 0.060271 -0.012661
0.410604 0.070741 -0.039603
0.442938 0.056296 -0.012661
0.410604 0.070741 -0.039603
0.443690 0.066773 -0.030930
-0.003613 0.146816 -0.010427
0.046166 0.142240 -0.015834
0.050757 0.121651 -0.059827
-0.003613 0.146816 -0.010427
0.050757 0.121651 -0.059827
0.000978 0.126220 -0.061739
0.318128 0.174001 -0.016865
0.376365 0.187901 -0.012919
0.376637 0.162486 -0.049894
0.318128 0.174001 -0.016865
0.376637 0.162486 -0.049894
0.322719 0.153412 -0.043148
-0.037766 -0.021907 -0.080065
0.012543 0.000501 -0.059733
-0.006148 -0.055566 -0.055315
-0.037766 -0.021907 -0.080065
-0.006148 -0.055566 -0.055315
-0.056078 -0.061402 -0.070096
0.368165 0.046170 -0.015834
0.301335 0.013084 -0.015834
0.303548 0.026547 -0.034554
0.368165 0.046170 -0.015834
0.303548 0.026547 -0.034554
0.368287 0.059254 -0.044372
0.234096 0.138932 -0.006667
0.253282 0.142240 -0.015834
0.257872 0.121651 -0.059827
0.234096 0.138932 -0.006667
0.257872 0.121651 -0.059827
0.238687 0.118343 -0.058380
0.445179 0.146874 -0.016865
0.463656 0.104435 -0.013664
0.458850 0.094996 -0.032348
0.445179 0.146874 -0.016865
0.458850 0.094996 -0.032348
0.441577 0.133081 -0.041873
0.191822 -0.033938 -0.082535
0.233402 -0.015805 -0.064274
0.221585 -0.060328 -0.053009
0.191822 -0.033938 -0.082535
0.221585 -0.060328 -0.053009
0.197287 -0.067196 -0.066551
0.467380 0.054040 -0.012876
0.442938 0.056296 -0.012661
0.443690 0.066773 -0.030930
0.467380 0.054040 -0.012876
0.443690 0.066773 -0.030930
0.465016 0.065219 -0.027407
0.046166 0.142240 -0.015834
0.139465 0.136282 -0.015834
0.144063 0.115693 -0.059827
0.050757 0.121651 -0.059827
0.376637 0.162486 -0.049894
0.376365 0.187901 -0.012919
0.396474 0.199596 -0.022480
0.376637 0.162486 -0.049894
0.396474 0.199596 -0.022480
0.396346 0.185116 -0.056052
-0.086736 -0.013378 -0.021255
-0.128530 0.023611 -0.029877
-0.109115 0.024313 -0.055523
-0.086736 -0.013378 -0.021255
-0.109115 0.024313 -0.055523
-0.089786 -0.011236 -0.064883
0.461264 0.077974 -0.041178
0.458850 0.094996 -0.032348
0.481781 0.070554 -0.019529
0.461264 0.077974 -0.041178
0.481781 0.070554 -0.019529
0.477585 0.064918 -0.025387
0.077010 -0.035922 -0.015834
0.012164 -0.016070 -0.015834
0.012543 0.000501 -0.059733
0.077010 -0.035922 -0.015834
0.012543 0.000501 -0.059733
0.077390 -0.019343 -0.049686
0.409852 0.060271 -0.012661
0.368165 0.046170 -0.015834
0.368287 0.059254 -0.044372
0.409852 0.060271 -0.012661
0.368287 0.059254 -0.044372
0.410604 0.070741 -0.039603
-0.119198 0.119130 -0.027299
-0.104482 0.135265 -0.015834
-0.087946 0.128419 -0.063722
-0.119198 0.119130 -0.027299
-0.087946 0.128419 -0.063722
-0.109137 0.117619 -0.051720
0.253282 0.142240 -0.015834
0.318128 0.174001 -0.016865
0.322719 0.153412 -0.043148
0.253282 0.142240 -0.015834
0.322719 0.153412 -0.043148
0.257872 0.121651 -0.059827
0.463656 0.104435 -0.013664
0.498661 0.067661 -0.005593
0.481781 0.070554 -0.019529
0.463656 0.104435 -0.013664
0.481781 0.070554 -0.019529
0.458850 0.094996 -0.032348
-0.104482 0.135265 -0.015834
-0.053313 0.151385 -0.015834
-0.048315 0.130574 -0.063909
-0.104482 0.135265 -0.015834
-0.048315 0.130574 -0.063909
-0.087946 0.128419 -0.063722
-0.116957 0.142283 -0.000000
-0.053313 0.156004 -0.000000
-0.053313 0.151385 -0.015834
-0.116957 0.142283 -0.000000
-0.053313 0.151385 -0.015834
-0.104482 0.135265 -0.015834
0.465475 0.105846 -0.000000
0.499191 0.068542 -0.000000
0.498661 0.067661 -0.005593
0.465475 0.105846 -0.000000
0.498661 0.067661 -0.005593
0.463656 0.104435 -0.013664
0.253282 0.146852 -0.000000
0.318128 0.178620 -0.000000
0.318128 0.174001 -0.016865
0.253282 0.146852 -0.000000
0.318128 0.174001 -0.016865
0.253282 0.142240 -0.015834
-0.116957 0.142283 -0.000000
-0.104482 0.135265 -0.015834
-0.151790 0.131391 -0.024922
-0.116957 0.142283 -0.000000
-0.151790 0.131391 -0.024922
-0.151790 0.138294 -0.000000
0.409852 0.054728 -0.000000
0.368165 0.044143 -0.000000
0.368165 0.046170 -0.015834
0.409852 0.054728 -0.000000
0.368165 0.046170 -0.015834
0.409852 0.060271 -0.012661
0.077010 -0.035922 -0.000000
0.012164 -0.016070 -0.000000
0.012164 -0.016070 -0.015834
0.077010 -0.035922 -0.015834
0.497007 0.058308 -0.007247
0.487052 0.055924 -0.008844
0.476002 0.060235 -0.023131
0.497007 0.058308 -0.007247
0.476002 0.060235 -0.023131
0.477585 0.064918 -0.025387
-0.086234 -0.015268 -0.000000
-0.136994 0.020052 -0.000000
-0.128530 0.023611 -0.029877
-0.086234 -0.015268 -0.000000
-0.128530 0.023611 -0.029877
-0.086736 -0.013378 -0.021255
0.376365 0.187901 -0.000000
0.418711 0.172676 -0.000000
0.418711 0.172676 -0.012919
0.376365 0.187901 -0.012919
0.046166 0.146852 -0.000000
0.139465 0.140901 -0.000000
0.139465 0.136282 -0.015834
0.046166 0.142240 -0.015834
0.467315 0.049371 -0.000000
0.442938 0.050760 -0.000000
0.442938 0.056296 -0.012661
0.467315 0.049371 -0.000000
0.442938 0.056296 -0.012661
0.467380 0.054040 -0.012876
0.191822 -0.033938 -0.000000
0.152449 -0.036588 -0.000000
0.152449 -0.036588 -0.015834
0.191822 -0.033938 -0.006667
0.445179 0.146874 -0.000000
0.465475 0.105846 -0.000000
0.463656 0.104435 -0.013664
0.445179 0.146874 -0.000000
0.463656 0.104435 -0.013664
0.445179 0.146874 -0.016865
0.234096 0.143551 -0.000000
0.253282 0.146852 -0.000000
0.253282 0.142240 -0.015834
0.234096 0.143551 -0.000000
0.253282 0.142240 -0.015834
0.234096 0.138932 -0.006667
0.368165 0.044143 -0.000000
0.301335 0.011057 -0.000000
0.301335 0.013084 -0.015834
0.368165 0.046170 -0.015834
-0.037766 -0.021907 -0.000000
-0.086234 -0.015268 -0.000000
-0.086736 -0.013378 -0.021255
-0.037766 -0.021907 -0.000000
-0.086736 -0.013378 -0.021255
-0.037766 -0.021907 -0.010427
0.318128 0.178620 -0.000000
0.376365 0.187901 -0.000000
0.376365 0.187901 -0.012919
0.318128 0.178620 -0.000000
0.376365 0.187901 -0.012919
0.318128 0.174001 -0.016865
-0.003613 0.151428 -0.000000
0.046166 0.146852 -0.000000
0.046166 0.142240 -0.015834
-0.003613 0.151428 -0.000000
0.046166 0.142240 -0.015834
-0.003613 0.146816 -0.010427
0.442938 0.050760 -0.000000
0.409852 0.054728 -0.000000
0.409852 0.060271 -0.012661
0.442938 0.056296 -0.012661
0.152449 -0.036588 -0.000000
0.077010 -0.035922 -0.000000
0.077010 -0.035922 -0.015834
0.152449 -0.036588 -0.000000
0.077010 -0.035922 -0.015834
0.152449 -0.036588 -0.015834
0.418711 0.172676 -0.000000
0.445179 0.146874 -0.000000
0.445179 0.146874 -0.016865
0.418711 0.172676 -0.012919
0.139465 0.140901 -0.000000
0.214904 0.140235 -0.000000
0.214904 0.135623 -0.015834
0.139465 0.136282 -0.015834
0.488678 0.051791 -0.000000
0.467315 0.049371 -0.000000
0.467380 0.054040 -0.012876
0.488678 0.051791 -0.000000
0.467380 0.054040 -0.012876
0.487052 0.055924 -0.008844
0.301335 0.011057 -0.000000
0.231196 -0.031288 -0.000000
0.231196 -0.029269 -0.015834
0.301335 0.011057 -0.000000
0.231196 -0.029269 -0.015834
0.301335 0.013084 -0.015834
-0.056078 -0.061402 -0.010427
-0.105928 -0.067239 -0.015834
-0.113269 -0.100403 -0.021799
-0.056078 -0.061402 -0.010427
-0.113269 -0.100403 -0.021799
-0.083642 -0.096930 -0.019436
-0.086736 -0.013378 -0.021255
-0.089786 -0.011236 -0.064883
-0.105928 -0.067239 -0.055315
-0.086736 -0.013378 -0.021255
-0.105928 -0.067239 -0.055315
-0.105928 -0.067239 -0.015834
0.012543 0.000501 -0.059733
0.012164 -0.016070 -0.015834
-0.006148 -0.055566 -0.015834
0.012543 0.000501 -0.059733
-0.006148 -0.055566 -0.015834
-0.006148 -0.055566 -0.055315
-0.037766 -0.021907 -0.010427
-0.086736 -0.013378 -0.021255
-0.105928 -0.067239 -0.015834
-0.037766 -0.021907 -0.010427
-0.105928 -0.067239 -0.015834
-0.056078 -0.061402 -0.010427
-0.053929 -0.093457 -0.049349
-0.053929 -0.093457 -0.021799
-0.065079 -0.107292 -0.021148
-0.065079 -0.107292 -0.050001
-0.105928 -0.067239 -0.015834
-0.105928 -0.067239 -0.055315
-0.113269 -0.100403 -0.049349
-0.113269 -0.100403 -0.021799
-0.006148 -0.055566 -0.055315
-0.006148 -0.055566 -0.015834
-0.053929 -0.093457 -0.021799
-0.053929 -0.093457 -0.049349
-0.056078 -0.061402 -0.070096
-0.006148 -0.055566 -0.055315
-0.053929 -0.093457 -0.049349
-0.056078 -0.061402 -0.070096
-0.053929 -0.093457 -0.049349
-0.083642 -0.096930 -0.061080
-0.095114 -0.118722 -0.018455
-0.125071 -0.130152 -0.021148
-0.103665 -0.150118 -0.025631
-0.095114 -0.118722 -0.018455
-0.103665 -0.150118 -0.025631
-0.088784 -0.142426 -0.025230
-0.083642 -0.096930 -0.061080
-0.053929 -0.093457 -0.049349
-0.065079 -0.107292 -0.050001
-0.083642 -0.096930 -0.061080
-0.065079 -0.107292 -0.050001
-0.095114 -0.118722 -0.062068
-0.083642 -0.096930 -0.019436
-0.113269 -0.100403 -0.021799
-0.125071 -0.130152 -0.021148
-0.083642 -0.096930 -0.019436
-0.125071 -0.130152 -0.021148
-0.095114 -0.118722 -0.018455
-0.113269 -0.100403 -0.021799
-0.113269 -0.100403 -0.049349
-0.125071 -0.130152 -0.050001
-0.125071 -0.130152 -0.021148
-0.103665 -0.150118 -0.025631
-0.103665 -0.150118 -0.045518
-0.054996 -0.221524 -0.048547
-0.054996 -0.221524 -0.026662
-0.125071 -0.130152 -0.021148
-0.125071 -0.130152 -0.050001
-0.103665 -0.150118 -0.045518
-0.103665 -0.150118 -0.025631
-0.065079 -0.107292 -0.050001
-0.065079 -0.107292 -0.021148
-0.073816 -0.134735 -0.025631
-0.073816 -0.134735 -0.045518
-0.095114 -0.118722 -0.062068
-0.065079 -0.107292 -0.050001
-0.073816 -0.134735 -0.045518
-0.095114 -0.118722 -0.062068
-0.073816 -0.134735 -0.045518
-0.088784 -0.142426 -0.055286
-0.040544 -0.199267 -0.044487
-0.040544 -0.199267 -0.026662
0.000483 -0.210095 -0.028574
0.000483 -0.210095 -0.042575
-0.073816 -0.134735 -0.045518
-0.073816 -0.134735 -0.025631
-0.040544 -0.199267 -0.026662
-0.040544 -0.199267 -0.044487
-0.088784 -0.142426 -0.055286
-0.073816 -0.134735 -0.045518
-0.040544 -0.199267 -0.044487
-0.088784 -0.142426 -0.055286
-0.040544 -0.199267 -0.044487
-0.047813 -0.210396 -0.057793
-0.088784 -0.142426 -0.025230
-0.103665 -0.150118 -0.025631
-0.054996 -0.221524 -0.026662
-0.088784 -0.142426 -0.025230
-0.054996 -0.221524 -0.026662
-0.047813 -0.210396 -0.026791
-0.001901 -0.216418 -0.029677
-0.004200 -0.222749 -0.028574
-0.004200 -0.222749 -0.046635
-0.001901 -0.216418 -0.054907
-0.047813 -0.210396 -0.057793
-0.040544 -0.199267 -0.044487
0.000483 -0.210095 -0.042575
-0.047813 -0.210396 -0.057793
0.000483 -0.210095 -0.042575
-0.001901 -0.216418 -0.054907
-0.047813 -0.210396 -0.026791
-0.054996 -0.221524 -0.026662
-0.004200 -0.222749 -0.028574
-0.047813 -0.210396 -0.026791
-0.004200 -0.222749 -0.028574
-0.001901 -0.216418 -0.029677
-0.054996 -0.221524 -0.026662
-0.054996 -0.221524 -0.048547
-0.004200 -0.222749 -0.046635
-0.004200 -0.222749 -0.028574
0.172988 -0.074063 -0.021133
0.172988 -0.074063 -0.053009
0.225087 -0.151994 -0.049170
0.225087 -0.151994 -0.024972
0.191822 -0.033938 -0.006667
0.152449 -0.036588 -0.015834
0.172988 -0.074063 -0.021133
0.191822 -0.033938 -0.006667
0.172988 -0.074063 -0.021133
0.197287 -0.067196 -0.015204
0.233402 -0.015805 -0.064274
0.231196 -0.029269 -0.015834
0.221585 -0.060328 -0.021133
0.233402 -0.015805 -0.064274
0.221585 -0.060328 -0.021133
0.221585 -0.060328 -0.053009
0.152449 -0.036588 -0.015834
0.152828 -0.020009 -0.062727
0.172988 -0.074063 -0.053009
0.152449 -0.036588 -0.015834
0.172988 -0.074063 -0.053009
0.172988 -0.074063 -0.021133
0.225087 -0.151994 -0.024972
0.225087 -0.151994 -0.049170
0.264905 -0.215673 -0.049170
0.225087 -0.151994 -0.024972
0.264905 -0.215673 -0.049170
0.264905 -0.215673 -0.024972
0.197287 -0.067196 -0.066551
0.221585 -0.060328 -0.053009
0.252465 -0.139970 -0.049170
0.197287 -0.067196 -0.066551
0.252465 -0.139970 -0.049170
0.238773 -0.145979 -0.060364
0.197287 -0.067196 -0.015204
0.172988 -0.074063 -0.021133
0.225087 -0.151994 -0.024972
0.197287 -0.067196 -0.015204
0.225087 -0.151994 -0.024972
0.238773 -0.145979 -0.021391
0.221585 -0.060328 -0.053009
0.221585 -0.060328 -0.021133
0.252465 -0.139970 -0.024972
0.252465 -0.139970 -0.049170
0.273133 -0.203184 -0.021391
0.264905 -0.215673 -0.024972
0.311955 -0.214957 -0.027772
0.273133 -0.203184 -0.021391
0.311955 -0.214957 -0.027772
0.316811 -0.209307 -0.025896
0.238773 -0.145979 -0.060364
0.252465 -0.139970 -0.049170
0.281362 -0.190702 -0.049170
0.238773 -0.145979 -0.060364
0.281362 -0.190702 -0.049170
0.273133 -0.203184 -0.060364
0.238773 -0.145979 -0.021391
0.225087 -0.151994 -0.024972
0.264905 -0.215673 -0.024972
0.238773 -0.145979 -0.021391
0.264905 -0.215673 -0.024972
0.273133 -0.203184 -0.021391
0.252465 -0.139970 -0.049170
0.252465 -0.139970 -0.024972
0.281362 -0.190702 -0.024972
0.281362 -0.190702 -0.049170
0.316811 -0.209307 -0.025896
0.311955 -0.214957 -0.027772
0.311955 -0.214957 -0.046370
0.316811 -0.209307 -0.055859
0.281362 -0.190702 -0.049170
0.281362 -0.190702 -0.024972
0.321659 -0.203649 -0.027772
0.321659 -0.203649 -0.046370
0.264905 -0.215673 -0.024972
0.264905 -0.215673 -0.049170
0.311955 -0.214957 -0.046370
0.311955 -0.214957 -0.027772
0.273133 -0.203184 -0.060364
0.281362 -0.190702 -0.049170
0.321659 -0.203649 -0.046370
0.273133 -0.203184 -0.060364
0.321659 -0.203649 -0.046370
0.316811 -0.209307 -0.055859
-0.139164 0.048275 -0.000000
-0.123280 0.108324 -0.000000
-0.125851 0.109563 -0.013829
-0.139164 0.048275 -0.000000
-0.125851 0.109563 -0.013829
-0.137181 0.051713 -0.057105
-0.137181 0.051713 -0.057105
-0.125851 0.109563 -0.013829
-0.119155 0.100654 -0.065606
-0.137181 0.051713 -0.057105
-0.119155 0.100654 -0.065606
-0.106544 0.068700 -0.087699
-0.125851 0.109563 -0.013829
-0.123280 0.108324 -0.000000
-0.135648 0.091759 -0.000000
-0.125851 0.109563 -0.013829
-0.135648 0.091759 -0.000000
-0.135648 0.091759 -0.036373
-0.119198 0.119130 -0.027299
-0.125851 0.109563 -0.013829
-0.135648 0.091759 -0.036373
-0.119198 0.119130 -0.027299
-0.135648 0.091759 -0.036373
-0.143719 0.115027 -0.036373
0.500000 0.056232 -0.000000
0.488678 0.051791 -0.000000
0.487052 0.055924 -0.008844
0.500000 0.056232 -0.000000
0.487052 0.055924 -0.008844
0.497007 0.058308 -0.007247
-0.206740 0.111883 -0.000000
-0.206740 0.104987 -0.040061
-0.270906 0.075173 -0.054054
-0.206740 0.111883 -0.000000
-0.270906 0.075173 -0.054054
-0.278461 0.096916 -0.000000
-0.143719 0.115027 -0.036373
-0.135648 0.091759 -0.036373
-0.170753 0.026433 -0.022838
-0.143719 0.115027 -0.036373
-0.170753 0.026433 -0.022838
-0.188750 0.060049 -0.051512
-0.151790 0.138294 -0.000000
-0.151790 0.131391 -0.024922
-0.206740 0.104987 -0.040061
-0.151790 0.138294 -0.000000
-0.206740 0.104987 -0.040061
-0.206740 0.111883 -0.000000
-0.240599 0.019930 -0.061166
-0.211495 -0.025323 -0.028524
-0.267039 -0.056446 -0.025602
-0.240599 0.019930 -0.061166
-0.267039 -0.056446 -0.025602
-0.288394 -0.020238 -0.055916
-0.170753 0.026433 -0.022838
-0.170753 0.015010 -0.000000
-0.202744 -0.043477 -0.000000
-0.170753 0.026433 -0.022838
-0.202744 -0.043477 -0.000000
-0.211495 -0.025323 -0.028524
-0.188750 0.060049 -0.051512
-0.170753 0.026433 -0.022838
-0.211495 -0.025323 -0.028524
-0.188750 0.060049 -0.051512
-0.211495 -0.025323 -0.028524
-0.240599 0.019930 -0.061166
-0.288394 -0.020238 -0.055916
-0.267039 -0.056446 -0.025602
-0.315164 -0.098992 -0.020868
-0.288394 -0.020238 -0.055916
-0.315164 -0.098992 -0.020868
-0.340472 -0.079076 -0.049543
-0.278461 0.096916 -0.000000
-0.270906 0.075173 -0.054054
-0.312722 0.024614 -0.046836
-0.278461 0.096916 -0.000000
-0.312722 0.024614 -0.046836
-0.317835 0.039617 -0.000000
-0.211495 -0.025323 -0.028524
-0.202744 -0.043477 -0.000000
-0.258961 -0.073290 -0.000000
-0.211495 -0.025323 -0.028524
-0.258961 -0.073290 -0.000000
-0.267039 -0.056446 -0.025602
-0.315164 -0.098992 -0.020868
-0.315164 -0.110422 -0.000000
-0.375456 -0.145255 -0.000000
-0.315164 -0.098992 -0.020868
-0.375456 -0.145255 -0.000000
-0.375456 -0.133826 -0.018469
-0.317835 0.039617 -0.000000
-0.312722 0.024614 -0.046836
-0.365788 -0.047824 -0.038084
-0.317835 0.039617 -0.000000
-0.365788 -0.047824 -0.038084
-0.365788 -0.040928 -0.000000
-0.267039 -0.056446 -0.025602
-0.258961 -0.073290 -0.000000
-0.315164 -0.110422 -0.000000
-0.267039 -0.056446 -0.025602
-0.315164 -0.110422 -0.000000
-0.315164 -0.098992 -0.020868
-0.418983 -0.086460 -0.000000
-0.418983 -0.093356 -0.035685
-0.461436 -0.132400 -0.030737
-0.418983 -0.086460 -0.000000
-0.461436 -0.132400 -0.030737
-0.461436 -0.125504 -0.000000
-0.340472 -0.079076 -0.049543
-0.315164 -0.098992 -0.020868
-0.375456 -0.133826 -0.018469
-0.340472 -0.079076 -0.049543
-0.375456 -0.133826 -0.018469
-0.397219 -0.119259 -0.047137
-0.365788 -0.040928 -0.000000
-0.365788 -0.047824 -0.038084
-0.418983 -0.093356 -0.035685
-0.365788 -0.040928 -0.000000
-0.418983 -0.093356 -0.035685
-0.418983 -0.086460 -0.000000
-0.461436 -0.125504 -0.000000
-0.461436 -0.132400 -0.030737
-0.500000 -0.159922 -0.007226
-0.461436 -0.125504 -0.000000
-0.500000 -0.159922 -0.007226
-0.500000 -0.159922 -0.000000
-0.375456 -0.133826 -0.018469
-0.375456 -0.145255 -0.000000
-0.431422 -0.163932 -0.000000
-0.375456 -0.133826 -0.018469
-0.431422 -0.163932 -0.000000
-0.431422 -0.152503 -0.013521
-0.397219 -0.119259 -0.047137
-0.375456 -0.133826 -0.018469
-0.431422 -0.152503 -0.013521
-0.397219 -0.119259 -0.047137
-0.431422 -0.152503 -0.013521
-0.446433 -0.148120 -0.042195
-0.431422 -0.152503 -0.013521
-0.431422 -0.163932 -0.000000
-0.495990 -0.165973 -0.000000
-0.431422 -0.152503 -0.013521
-0.495990 -0.165973 -0.000000
-0.495990 -0.165973 -0.007226
-0.446433 -0.148120 -0.042195
-0.431422 -0.152503 -0.013521
-0.495990 -0.165973 -0.007226
-0.446433 -0.148120 -0.042195
-0.495990 -0.165973 -0.007226
-0.497995 -0.162944 -0.007226
0.264905 -0.215673 -0.049170
0.273133 -0.203184 -0.060364
0.316811 -0.209307 -0.055859
0.264905 -0.215673 -0.049170
0.316811 -0.209307 -0.055859
0.311955 -0.214957 -0.046370
0.321659 -0.203649 -0.027772
0.316811 -0.209307 -0.025896
0.316811 -0.209307 -0.055859
0.321659 -0.203649 -0.046370
0.252465 -0.139970 -0.024972
0.238773 -0.145979 -0.021391
0.273133 -0.203184 -0.021391
0.252465 -0.139970 -0.024972
0.273133 -0.203184 -0.021391
0.281362 -0.190702 -0.024972
0.225087 -0.151994 -0.049170
0.238773 -0.145979 -0.060364
0.273133 -0.203184 -0.060364
0.225087 -0.151994 -0.049170
0.273133 -0.203184 -0.060364
0.264905 -0.215673 -0.049170
0.281362 -0.190702 -0.024972
0.273133 -0.203184 -0.021391
0.316811 -0.209307 -0.025896
0.281362 -0.190702 -0.024972
0.316811 -0.209307 -0.025896
0.321659 -0.203649 -0.027772
0.221585 -0.060328 -0.021133
0.197287 -0.067196 -0.015204
0.238773 -0.145979 -0.021391
0.221585 -0.060328 -0.021133
0.238773 -0.145979 -0.021391
0.252465 -0.139970 -0.024972
0.172988 -0.074063 -0.053009
0.197287 -0.067196 -0.066551
0.238773 -0.145979 -0.060364
0.172988 -0.074063 -0.053009
0.238773 -0.145979 -0.060364
0.225087 -0.151994 -0.049170
0.231196 -0.029269 -0.015834
0.191822 -0.033938 -0.006667
0.197287 -0.067196 -0.015204
0.231196 -0.029269 -0.015834
0.197287 -0.067196 -0.015204
0.221585 -0.060328 -0.021133
0.214904 0.140235 -0.000000
0.234096 0.143551 -0.000000
0.234096 0.138932 -0.006667
0.214904 0.140235 -0.000000
0.234096 0.138932 -0.006667
0.214904 0.135623 -0.015834
0.231196 -0.031288 -0.000000
0.191822 -0.033938 -0.000000
0.191822 -0.033938 -0.006667
0.231196 -0.031288 -0.000000
0.191822 -0.033938 -0.006667
0.231196 -0.029269 -0.015834
0.152828 -0.020009 -0.062727
0.191822 -0.033938 -0.082535
0.197287 -0.067196 -0.066551
0.152828 -0.020009 -0.062727
0.197287 -0.067196 -0.066551
0.172988 -0.074063 -0.053009
0.214904 0.135623 -0.015834
0.234096 0.138932 -0.006667
0.238687 0.118343 -0.058380
0.214904 0.135623 -0.015834
0.238687 0.118343 -0.058380
0.219494 0.115034 -0.059827
0.185126 0.047509 -0.100990
0.219494 0.115034 -0.059827
0.238687 0.118343 -0.058380
0.185126 0.047509 -0.100990
0.238687 0.118343 -0.058380
0.214216 0.042202 -0.110171
-0.040544 -0.199267 -0.026662
-0.047813 -0.210396 -0.026791
-0.001901 -0.216418 -0.029677
-0.040544 -0.199267 -0.026662
-0.001901 -0.216418 -0.029677
0.000483 -0.210095 -0.028574
-0.054996 -0.221524 -0.048547
-0.047813 -0.210396 -0.057793
-0.001901 -0.216418 -0.054907
-0.054996 -0.221524 -0.048547
-0.001901 -0.216418 -0.054907
-0.004200 -0.222749 -0.046635
0.000483 -0.210095 -0.028574
-0.001901 -0.216418 -0.029677
-0.001901 -0.216418 -0.054907
0.000483 -0.210095 -0.042575
-0.073816 -0.134735 -0.025631
-0.088784 -0.142426 -0.025230
-0.047813 -0.210396 -0.026791
-0.073816 -0.134735 -0.025631
-0.047813 -0.210396 -0.026791
-0.040544 -0.199267 -0.026662
-0.103665 -0.150118 -0.045518
-0.088784 -0.142426 -0.055286
-0.047813 -0.210396 -0.057793
-0.103665 -0.150118 -0.045518
-0.047813 -0.210396 -0.057793
-0.054996 -0.221524 -0.048547
-0.125071 -0.130152 -0.050001
-0.095114 -0.118722 -0.062068
-0.088784 -0.142426 -0.055286
-0.125071 -0.130152 -0.050001
-0.088784 -0.142426 -0.055286
-0.103665 -0.150118 -0.045518
-0.053929 -0.093457 -0.021799
-0.083642 -0.096930 -0.019436
-0.095114 -0.118722 -0.018455
-0.053929 -0.093457 -0.021799
-0.095114 -0.118722 -0.018455
-0.065079 -0.107292 -0.021148
-0.113269 -0.100403 -0.049349
-0.083642 -0.096930 -0.061080
-0.095114 -0.118722 -0.062068
-0.113269 -0.100403 -0.049349
-0.095114 -0.118722 -0.062068
-0.125071 -0.130152 -0.050001
-0.065079 -0.107292 -0.021148
-0.095114 -0.118722 -0.018455
-0.088784 -0.142426 -0.025230
-0.065079 -0.107292 -0.021148
-0.088784 -0.142426 -0.025230
-0.073816 -0.134735 -0.025631
-0.105928 -0.067239 -0.055315
-0.056078 -0.061402 -0.070096
-0.083642 -0.096930 -0.061080
-0.105928 -0.067239 -0.055315
-0.083642 -0.096930 -0.061080
-0.113269 -0.100403 -0.049349
0.012164 -0.016070 -0.015834
-0.037766 -0.021907 -0.010427
-0.056078 -0.061402 -0.010427
-0.006148 -0.055566 -0.015834
-0.006148 -0.055566 -0.015834
-0.056078 -0.061402 -0.010427
-0.083642 -0.096930 -0.019436
-0.006148 -0.055566 -0.015834
-0.083642 -0.096930 -0.019436
-0.053929 -0.093457 -0.021799
-0.053313 0.156004 -0.000000
-0.003613 0.151428 -0.000000
-0.003613 0.146816 -0.010427
-0.053313 0.156004 -0.000000
-0.003613 0.146816 -0.010427
-0.053313 0.151385 -0.015834
0.012164 -0.016070 -0.000000
-0.037766 -0.021907 -0.000000
-0.037766 -0.021907 -0.010427
0.012164 -0.016070 -0.015834
-0.089786 -0.011236 -0.064883
-0.037766 -0.021907 -0.080065
-0.056078 -0.061402 -0.070096
-0.089786 -0.011236 -0.064883
-0.056078 -0.061402 -0.070096
-0.105928 -0.067239 -0.055315
-0.053313 0.151385 -0.015834
-0.003613 0.146816 -0.010427
0.000978 0.126220 -0.061739
-0.053313 0.151385 -0.015834
0.000978 0.126220 -0.061739
-0.048315 0.130574 -0.063909
-0.069204 0.051526 -0.106132
-0.048315 0.130574 -0.063909
0.000978 0.126220 -0.061739
-0.069204 0.051526 -0.106132
0.000978 0.126220 -0.061739
-0.019433 0.052157 -0.110615
-0.461436 -0.132400 -0.030737
-0.446433 -0.148120 -0.042195
-0.497995 -0.162944 -0.007226
-0.461436 -0.132400 -0.030737
-0.497995 -0.162944 -0.007226
-0.500000 -0.159922 -0.007226
-0.418983 -0.093356 -0.035685
-0.397219 -0.119259 -0.047137
-0.446433 -0.148120 -0.042195
-0.418983 -0.093356 -0.035685
-0.446433 -0.148120 -0.042195
-0.461436 -0.132400 -0.030737
-0.365788 -0.047824 -0.038084
-0.340472 -0.079076 -0.049543
-0.397219 -0.119259 -0.047137
-0.365788 -0.047824 -0.038084
-0.397219 -0.119259 -0.047137
-0.418983 -0.093356 -0.035685
-0.312722 0.024614 -0.046836
-0.288394 -0.020238 -0.055916
-0.340472 -0.079076 -0.049543
-0.312722 0.024614 -0.046836
-0.340472 -0.079076 -0.049543
-0.365788 -0.047824 -0.038084
-0.206740 0.104987 -0.040061
-0.188750 0.060049 -0.051512
-0.240599 0.019930 -0.061166
-0.206740 0.104987 -0.040061
-0.240599 0.019930 -0.061166
-0.270906 0.075173 -0.054054
-0.270906 0.075173 -0.054054
-0.240599 0.019930 -0.061166
-0.288394 -0.020238 -0.055916
-0.270906 0.075173 -0.054054
-0.288394 -0.020238 -0.055916
-0.312722 0.024614 -0.046836
-0.151790 0.131391 -0.024922
-0.143719 0.115027 -0.036373
-0.188750 0.060049 -0.051512
-0.151790 0.131391 -0.024922
-0.188750 0.060049 -0.051512
-0.206740 0.104987 -0.040061
-0.104482 0.135265 -0.015834
-0.119198 0.119130 -0.027299
-0.143719 0.115027 -0.036373
-0.104482 0.135265 -0.015834
-0.143719 0.115027 -0.036373
-0.151790 0.131391 -0.024922
-0.125851 0.109563 -0.013829
-0.119198 0.119130 -0.027299
-0.109137 0.117619 -0.051720
-0.125851 0.109563 -0.013829
-0.109137 0.117619 -0.051720
-0.119155 0.100654 -0.065606
-0.495990 -0.165973 -0.007226
-0.495990 -0.165973 -0.000000
-0.500000 -0.159922 -0.000000
-0.500000 -0.159922 -0.007226
-0.497995 -0.162944 -0.007226
-0.069204 0.051526 -0.106132
-0.106544 0.068700 -0.087699
-0.119155 0.100654 -0.065606
-0.069204 0.051526 -0.106132
-0.119155 0.100654 -0.065606
-0.048315 0.130574 -0.063909
-0.089786 -0.011236 -0.064883
-0.109115 0.024313 -0.055523
-0.106544 0.068700 -0.087699
-0.089786 -0.011236 -0.064883
-0.106544 0.068700 -0.087699
-0.069204 0.051526 -0.106132
-0.089786 -0.011236 -0.064883
-0.069204 0.051526 -0.106132
-0.019433 0.052157 -0.110615
-0.089786 -0.011236 -0.064883
-0.019433 0.052157 -0.110615
-0.037766 -0.021907 -0.080065
0.152828 -0.020009 -0.062727
0.185126 0.047509 -0.100990
0.214216 0.042202 -0.110171
0.152828 -0.020009 -0.062727
0.214216 0.042202 -0.110171
0.191822 -0.033938 -0.082535
0.499191 0.068542 -0.000000
0.500000 0.056232 -0.000000
0.497007 0.058308 -0.007247
0.499191 0.068542 -0.000000
0.497007 0.058308 -0.007247
0.498661 0.067661 -0.005593
-0.128530 0.023611 -0.029877
-0.137181 0.051713 -0.057105
-0.106544 0.068700 -0.087699
-0.128530 0.023611 -0.029877
-0.106544 0.068700 -0.087699
-0.109115 0.024313 -0.055523
-0.136994 0.020052 -0.000000
-0.139164 0.048275 -0.000000
-0.137181 0.051713 -0.057105
-0.136994 0.020052 -0.000000
-0.137181 0.051713 -0.057105
-0.128530 0.023611 -0.029877
0.498661 0.067661 -0.005593
0.497007 0.058308 -0.007247
0.477585 0.064918 -0.025387
0.498661 0.067661 -0.005593
0.477585 0.064918 -0.025387
0.481781 0.070554 -0.019529
0.465016 0.065219 -0.027407
0.461264 0.077974 -0.041178
0.477585 0.064918 -0.025387
0.465016 0.065219 -0.027407
0.477585 0.064918 -0.025387
0.476002 0.060235 -0.023131
0.443690 0.066773 -0.030930
0.442573 0.098069 -0.053482
0.461264 0.077974 -0.041178
0.443690 0.066773 -0.030930
0.461264 0.077974 -0.041178
0.465016 0.065219 -0.027407
0.410604 0.070741 -0.039603
0.412795 0.112957 -0.057370
0.442573 0.098069 -0.053482
0.410604 0.070741 -0.039603
0.442573 0.098069 -0.053482
0.443690 0.066773 -0.030930
0.368287 0.059254 -0.044372
0.374560 0.111417 -0.058444
0.412795 0.112957 -0.057370
0.368287 0.059254 -0.044372
0.412795 0.112957 -0.057370
0.410604 0.070741 -0.039603
0.303548 0.026547 -0.034554
0.310988 0.082235 -0.064274
0.374560 0.111417 -0.058444
0.303548 0.026547 -0.034554
0.374560 0.111417 -0.058444
0.368287 0.059254 -0.044372
0.233402 -0.015805 -0.064274
0.243499 0.045181 -0.107636
0.310988 0.082235 -0.064274
0.233402 -0.015805 -0.064274
0.310988 0.082235 -0.064274
0.303548 0.026547 -0.034554
0.191822 -0.033938 -0.082535
0.214216 0.042202 -0.110171
0.243499 0.045181 -0.107636
0.191822 -0.033938 -0.082535
0.243499 0.045181 -0.107636
0.233402 -0.015805 -0.064274
0.077390 -0.019343 -0.049686
0.109688 0.048175 -0.094466
0.185126 0.047509 -0.100990
0.077390 -0.019343 -0.049686
0.185126 0.047509 -0.100990
0.152828 -0.020009 -0.062727
0.012543 0.000501 -0.059733
0.030619 0.061073 -0.099494
0.109688 0.048175 -0.094466
0.012543 0.000501 -0.059733
0.109688 0.048175 -0.094466
0.077390 -0.019343 -0.049686
-0.037766 -0.021907 -0.080065
-0.019433 0.052157 -0.110615
0.030619 0.061073 -0.099494
-0.037766 -0.021907 -0.080065
0.030619 0.061073 -0.099494
0.012543 0.000501 -0.059733
0.422864 0.183741 -0.023754
0.418095 0.174918 -0.058903
0.434888 0.220529 -0.060858
0.422864 0.183741 -0.023754
0.434888 0.220529 -0.060858
0.435318 0.221324 -0.059103
0.376365 0.187901 -0.012919
0.418711 0.172676 -0.012919
0.422864 0.183741 -0.023754
0.376365 0.187901 -0.012919
0.422864 0.183741 -0.023754
0.396474 0.199596 -0.022480
0.410790 0.154071 -0.052508
0.376637 0.162486 -0.049894
0.396346 0.185116 -0.056052
0.410790 0.154071 -0.052508
0.396346 0.185116 -0.056052
0.418095 0.174918 -0.058903
0.418711 0.172676 -0.012919
0.410790 0.154071 -0.052508
0.418095 0.174918 -0.058903
0.418711 0.172676 -0.012919
0.418095 0.174918 -0.058903
0.422864 0.183741 -0.023754
0.432940 0.222749 -0.058989
0.435318 0.221324 -0.059103
0.434888 0.220529 -0.060858
0.432940 0.222749 -0.058989
0.434888 0.220529 -0.060858
0.432933 0.221446 -0.060600
0.418095 0.174918 -0.058903
0.396346 0.185116 -0.056052
0.432933 0.221446 -0.060600
0.418095 0.174918 -0.058903
0.432933 0.221446 -0.060600
0.434888 0.220529 -0.060858
0.396474 0.199596 -0.022480
0.422864 0.183741 -0.023754
0.435318 0.221324 -0.059103
0.396474 0.199596 -0.022480
0.435318 0.221324 -0.059103
0.432940 0.222749 -0.058989
0.396346 0.185116 -0.056052
0.396474 0.199596 -0.022480
0.432940 0.222749 -0.058989
0.396346 0.185116 -0.056052
0.432940 0.222749 -0.058989
0.432933 0.221446 -0.060600
-0.135648 0.091759 0.036373
-0.170753 0.026433 0.022838
-0.170753 0.015010 -0.000000
-0.135648 0.091759 0.036373
-0.048315 0.130574 0.063909
-0.087946 0.128419 0.063722
-0.109137 0.117619 0.051720
-0.048315 0.130574 0.063909
-0.109137 0.117619 0.051720
-0.119155 0.100654 0.065606
-0.019433 0.052157 0.110615
0.030619 0.061073 0.099494
0.050757 0.121651 0.059827
-0.019433 0.052157 0.110615
0.050757 0.121651 0.059827
0.000978 0.126220 0.061739
0.030619 0.061073 0.099494
0.109688 0.048175 0.094466
0.144063 0.115693 0.059827
0.030619 0.061073 0.099494
0.144063 0.115693 0.059827
0.050757 0.121651 0.059827
0.109688 0.048175 0.094466
0.185126 0.047509 0.100990
0.219494 0.115034 0.059827
0.109688 0.048175 0.094466
0.219494 0.115034 0.059827
0.144063 0.115693 0.059827
0.214216 0.042202 0.110171
0.243499 0.045181 0.107636
0.257872 0.121651 0.059827
0.214216 0.042202 0.110171
0.257872 0.121651 0.059827
0.238687 0.118343 0.058380
0.243499 0.045181 0.107636
0.310988 0.082235 0.064274
0.322719 0.153412 0.043148
0.243499 0.045181 0.107636
0.322719 0.153412 0.043148
0.257872 0.121651 0.059827
0.310988 0.082235 0.064274
0.374560 0.111417 0.058444
0.376637 0.162486 0.049894
0.310988 0.082235 0.064274
0.376637 0.162486 0.049894
0.322719 0.153412 0.043148
0.374560 0.111417 0.058444
0.412795 0.112957 0.057370
0.410790 0.154071 0.052508
0.374560 0.111417 0.058444
0.410790 0.154071 0.052508
0.376637 0.162486 0.049894
0.412795 0.112957 0.057370
0.442573 0.098069 0.053482
0.441577 0.133081 0.041873
0.412795 0.112957 0.057370
0.441577 0.133081 0.041873
0.410790 0.154071 0.052508
0.442573 0.098069 0.053482
0.461264 0.077974 0.041178
0.458850 0.094996 0.032348
0.442573 0.098069 0.053482
0.458850 0.094996 0.032348
0.441577 0.133081 0.041873
0.301335 0.013084 0.015834
0.303548 0.026547 0.034554
0.233402 -0.015805 0.064274
0.301335 0.013084 0.015834
0.233402 -0.015805 0.064274
0.231196 -0.029269 0.015834
0.487052 0.055924 0.008844
0.476002 0.060235 0.023131
0.465016 0.065219 0.027407
0.487052 0.055924 0.008844
0.465016 0.065219 0.027407
0.467380 0.054040 0.012876
0.139465 0.136282 0.015834
0.144063 0.115693 0.059827
0.219494 0.115034 0.059827
0.214904 0.135623 0.015834
0.418711 0.172676 0.012919
0.410790 0.154071 0.052508
0.441577 0.133081 0.041873
0.418711 0.172676 0.012919
0.441577 0.133081 0.041873
0.445179 0.146874 0.016865
0.152449 -0.036588 0.015834
0.152828 -0.020009 0.062727
0.077390 -0.019343 0.049686
0.152449 -0.036588 0.015834
0.077390 -0.019343 0.049686
0.077010 -0.035922 0.015834
0.442938 0.056296 0.012661
0.443690 0.066773 0.030930
0.410604 0.070741 0.039603
0.442938 0.056296 0.012661
0.410604 0.070741 0.039603
0.409852 0.060271 0.012661
-0.003613 0.146816 0.010427
0.000978 0.126220 0.061739
0.050757 0.121651 0.059827
-0.003613 0.146816 0.010427
0.050757 0.121651 0.059827
0.046166 0.142240 0.015834
0.318128 0.174001 0.016865
0.322719 0.153412 0.043148
0.376637 0.162486 0.049894
0.318128 0.174001 0.016865
0.376637 0.162486 0.049894
0.376365 0.187901 0.012919
-0.037766 -0.021907 0.080065
-0.056078 -0.061402 0.070096
-0.006148 -0.055566 0.055308
-0.037766 -0.021907 0.080065
-0.006148 -0.055566 0.055308
0.012543 0.000501 0.059733
0.368165 0.046170 0.015834
0.368287 0.059254 0.044372
0.303548 0.026547 0.034554
0.368165 0.046170 0.015834
0.303548 0.026547 0.034554
0.301335 0.013084 0.015834
0.234096 0.138932 0.006667
0.238687 0.118343 0.058380
0.257872 0.121651 0.059827
0.234096 0.138932 0.006667
0.257872 0.121651 0.059827
0.253282 0.142240 0.015834
0.445179 0.146874 0.016865
0.441577 0.133081 0.041873
0.458850 0.094996 0.032348
0.445179 0.146874 0.016865
0.458850 0.094996 0.032348
0.463656 0.104435 0.013664
0.191822 -0.033938 0.082535
0.197287 -0.067196 0.066551
0.221585 -0.060328 0.053009
0.191822 -0.033938 0.082535
0.221585 -0.060328 0.053009
0.233402 -0.015805 0.064274
0.467380 0.054040 0.012876
0.465016 0.065219 0.027407
0.443690 0.066773 0.030930
0.467380 0.054040 0.012876
0.443690 0.066773 0.030930
0.442938 0.056296 0.012661
0.046166 0.142240 0.015834
0.050757 0.121651 0.059827
0.144063 0.115693 0.059827
0.046166 0.142240 0.015834
0.144063 0.115693 0.059827
0.139465 0.136282 0.015834
0.376637 0.162486 0.049894
0.396346 0.185116 0.056052
0.396474 0.199596 0.022480
0.376637 0.162486 0.049894
0.396474 0.199596 0.022480
0.376365 0.187901 0.012919
-0.086736 -0.013378 0.021255
-0.089786 -0.011236 0.064883
-0.109115 0.024313 0.055523
-0.086736 -0.013378 0.021255
-0.109115 0.024313 0.055523
-0.128530 0.023611 0.029877
0.461264 0.077974 0.041178
0.477585 0.064918 0.025387
0.481781 0.070554 0.019529
0.461264 0.077974 0.041178
0.481781 0.070554 0.019529
0.458850 0.094996 0.032348
0.077010 -0.035922 0.015834
0.077390 -0.019343 0.049686
0.012543 0.000501 0.059733
0.077010 -0.035922 0.015834
0.012543 0.000501 0.059733
0.012164 -0.016070 0.015834
0.409852 0.060271 0.012661
0.410604 0.070741 0.039603
0.368287 0.059254 0.044372
0.409852 0.060271 0.012661
0.368287 0.059254 0.044372
0.368165 0.046170 0.015834
-0.119198 0.119130 0.027299
-0.109137 0.117619 0.051720
-0.087946 0.128419 0.063722
-0.119198 0.119130 0.027299
-0.087946 0.128419 0.063722
-0.104482 0.135265 0.015834
0.253282 0.142240 0.015834
0.257872 0.121651 0.059827
0.322719 0.153412 0.043148
0.253282 0.142240 0.015834
0.322719 0.153412 0.043148
0.318128 0.174001 0.016865
0.463656 0.104435 0.013664
0.458850 0.094996 0.032348
0.481781 0.070554 0.019529
0.463656 0.104435 0.013664
0.481781 0.070554 0.019529
0.498661 0.067661 0.005586
-0.104482 0.135265 0.015834
-0.087946 0.128419 0.063722
-0.048315 0.130574 0.063909
-0.104482 0.135265 0.015834
-0.048315 0.130574 0.063909
-0.053313 0.151385 0.015834
-0.116957 0.142283 -0.000000
-0.104482 0.135265 0.015834
-0.053313 0.151385 0.015834
-0.116957 0.142283 -0.000000
-0.053313 0.151385 0.015834
-0.053313 0.156004 -0.000000
0.465475 0.105846 -0.000000
0.463656 0.104435 0.013664
0.498661 0.067661 0.005586
0.465475 0.105846 -0.000000
0.498661 0.067661 0.005586
0.499191 0.068542 -0.000000
0.253282 0.146852 -0.000000
0.253282 0.142240 0.015834
0.318128 0.174001 0.016865
0.253282 0.146852 -0.000000
0.318128 0.174001 0.016865
0.318128 0.178620 -0.000000
-0.116957 0.142283 -0.000000
-0.151790 0.138294 -0.000000
-0.151790 0.131391 0.024922
-0.116957 0.142283 -0.000000
-0.151790 0.131391 0.024922
-0.104482 0.135265 0.015834
0.409852 0.054728 -0.000000
0.409852 0.060271 0.012661
0.368165 0.046170 0.015834
0.409852 0.054728 -0.000000
0.368165 0.046170 0.015834
0.368165 0.044143 -0.000000
0.077010 -0.035922 0.015834
0.012164 -0.016070 0.015834
0.497007 0.058308 0.007247
0.477585 0.064918 0.025387
0.476002 0.060235 0.023131
0.497007 0.058308 0.007247
0.476002 0.060235 0.023131
0.487052 0.055924 0.008844
-0.086234 -0.015268 -0.000000
-0.086736 -0.013378 0.021255
-0.128530 0.023611 0.029877
-0.086234 -0.015268 -0.000000
-0.128530 0.023611 0.029877
-0.136994 0.020052 -0.000000
0.376365 0.187901 0.012919
0.418711 0.172676 0.012919
0.046166 0.146852 -0.000000
0.046166 0.142240 0.015834
0.139465 0.136282 0.015834
0.139465 0.140901 -0.000000
0.467315 0.049371 -0.000000
0.467380 0.054040 0.012876
0.442938 0.056296 0.012661
0.467315 0.049371 -0.000000
0.442938 0.056296 0.012661
0.442938 0.050760 -0.000000
0.191822 -0.033938 0.006667
0.152449 -0.036588 0.015834
0.445179 0.146874 0.016865
0.463656 0.104435 0.013664
0.445179 0.146874 -0.000000
0.463656 0.104435 0.013664
0.465475 0.105846 -0.000000
0.234096 0.143551 -0.000000
0.234096 0.138932 0.006667
0.253282 0.142240 0.015834
0.234096 0.143551 -0.000000
0.253282 0.142240 0.015834
0.253282 0.146852 -0.000000
0.368165 0.044143 -0.000000
0.368165 0.046170 0.015834
0.301335 0.013084 0.015834
0.301335 0.011057 -0.000000
-0.037766 -0.021907 0.010427
-0.086736 -0.013378 0.021255
-0.037766 -0.021907 -0.000000
-0.086736 -0.013378 0.021255
-0.086234 -0.015268 -0.000000
0.318128 0.178620 -0.000000
0.318128 0.174001 0.016865
0.376365 0.187901 0.012919
0.376365 0.187901 0.012919
-0.003613 0.151428 -0.000000
-0.003613 0.146816 0.010427
0.046166 0.142240 0.015834
-0.003613 0.151428 -0.000000
0.046166 0.142240 0.015834
0.046166 0.146852 -0.000000
0.442938 0.050760 -0.000000
0.442938 0.056296 0.012661
0.409852 0.060271 0.012661
0.409852 0.054728 -0.000000
0.152449 -0.036588 0.015834
0.077010 -0.035922 0.015834
0.077010 -0.035922 0.015834
0.418711 0.172676 0.012919
0.445179 0.146874 0.016865
0.139465 0.140901 -0.000000
0.139465 0.136282 0.015834
0.214904 0.135623 0.015834
0.214904 0.140235 -0.000000
0.488678 0.051791 -0.000000
0.487052 0.055924 0.008844
0.467380 0.054040 0.012876
0.488678 0.051791 -0.000000
0.467380 0.054040 0.012876
0.467315 0.049371 -0.000000
0.301335 0.011057 -0.000000
0.301335 0.013084 0.015834
0.231196 -0.029269 0.015834
0.301335 0.011057 -0.000000
0.231196 -0.029269 0.015834
0.231196 -0.031288 -0.000000
-0.056078 -0.061402 0.010427
-0.083642 -0.096930 0.019436
-0.113269 -0.100403 0.021799
-0.056078 -0.061402 0.010427
-0.113269 -0.100403 0.021799
-0.105928 -0.067239 0.015834
-0.086736 -0.013378 0.021255
-0.105928 -0.067239 0.015834
-0.105928 -0.067239 0.055308
-0.086736 -0.013378 0.021255
-0.105928 -0.067239 0.055308
-0.089786 -0.011236 0.064883
0.012543 0.000501 0.059733
-0.006148 -0.055566 0.055308
-0.006148 -0.055566 0.015834
0.012543 0.000501 0.059733
-0.006148 -0.055566 0.015834
0.012164 -0.016070 0.015834
-0.037766 -0.021907 0.010427
-0.056078 -0.061402 0.010427
-0.105928 -0.067239 0.015834
-0.037766 -0.021907 0.010427
-0.105928 -0.067239 0.015834
-0.086736 -0.013378 0.021255
-0.053929 -0.093457 0.049349
-0.065079 -0.107292 0.050001
-0.065079 -0.107292 0.021148
-0.053929 -0.093457 0.021799
-0.105928 -0.067239 0.015834
-0.113269 -0.100403 0.021799
-0.113269 -0.100403 0.049349
-0.105928 -0.067239 0.055308
-0.006148 -0.055566 0.055308
-0.053929 -0.093457 0.049349
-0.053929 -0.093457 0.021799
-0.006148 -0.055566 0.015834
-0.056078 -0.061402 0.070096
-0.083642 -0.096930 0.061080
-0.053929 -0.093457 0.049349
-0.056078 -0.061402 0.070096
-0.053929 -0.093457 0.049349
-0.006148 -0.055566 0.055308
-0.095114 -0.118722 0.018455
-0.088784 -0.142426 0.025230
-0.103665 -0.150118 0.025631
-0.095114 -0.118722 0.018455
-0.103665 -0.150118 0.025631
-0.125071 -0.130152 0.021148
-0.083642 -0.096930 0.061080
-0.095114 -0.118722 0.062068
-0.065079 -0.107292 0.050001
-0.083642 -0.096930 0.061080
-0.065079 -0.107292 0.050001
-0.053929 -0.093457 0.049349
-0.083642 -0.096930 0.019436
-0.095114 -0.118722 0.018455
-0.125071 -0.130152 0.021148
-0.083642 -0.096930 0.019436
-0.125071 -0.130152 0.021148
-0.113269 -0.100403 0.021799
-0.113269 -0.100403 0.021799
-0.125071 -0.130152 0.021148
-0.125071 -0.130152 0.050001
-0.113269 -0.100403 0.049349
-0.103665 -0.150118 0.025631
-0.054996 -0.221524 0.026662
-0.054996 -0.221524 0.048547
-0.103665 -0.150118 0.045518
-0.125071 -0.130152 0.021148
-0.103665 -0.150118 0.025631
-0.103665 -0.150118 0.045518
-0.125071 -0.130152 0.050001
-0.065079 -0.107292 0.050001
-0.073816 -0.134735 0.045518
-0.073816 -0.134735 0.025631
-0.065079 -0.107292 0.021148
-0.095114 -0.118722 0.062068
-0.088784 -0.142426 0.055286
-0.073816 -0.134735 0.045518
-0.095114 -0.118722 0.062068
-0.073816 -0.134735 0.045518
-0.065079 -0.107292 0.050001
-0.040544 -0.199267 0.044487
0.000483 -0.210095 0.042575
0.000483 -0.210095 0.028574
-0.040544 -0.199267 0.026662
-0.073816 -0.134735 0.045518
-0.040544 -0.199267 0.044487
-0.040544 -0.199267 0.026662
-0.073816 -0.134735 0.025631
-0.088784 -0.142426 0.055286
-0.047813 -0.210396 0.057793
-0.040544 -0.199267 0.044487
-0.088784 -0.142426 0.055286
-0.040544 -0.199267 0.044487
-0.073816 -0.134735 0.045518
-0.088784 -0.142426 0.025230
-0.047813 -0.210396 0.026791
-0.054996 -0.221524 0.026662
-0.088784 -0.142426 0.025230
-0.054996 -0.221524 0.026662
-0.103665 -0.150118 0.025631
-0.001901 -0.216418 0.029677
-0.001901 -0.216418 0.054907
-0.004200 -0.222749 0.046635
-0.004200 -0.222749 0.028574
-0.047813 -0.210396 0.057793
-0.001901 -0.216418 0.054907
0.000483 -0.210095 0.042575
-0.047813 -0.210396 0.057793
0.000483 -0.210095 0.042575
-0.040544 -0.199267 0.044487
-0.047813 -0.210396 0.026791
-0.001901 -0.216418 0.029677
-0.004200 -0.222749 0.028574
-0.047813 -0.210396 0.026791
-0.004200 -0.222749 0.028574
-0.054996 -0.221524 0.026662
-0.054996 -0.221524 0.026662
-0.004200 -0.222749 0.028574
-0.004200 -0.222749 0.046635
-0.054996 -0.221524 0.048547
0.172988 -0.074063 0.021133
0.225087 -0.151994 0.024972
0.225087 -0.151994 0.049170
0.172988 -0.074063 0.053009
0.191822 -0.033938 0.006667
0.197287 -0.067196 0.015204
0.172988 -0.074063 0.021133
0.191822 -0.033938 0.006667
0.172988 -0.074063 0.021133
0.152449 -0.036588 0.015834
0.233402 -0.015805 0.064274
0.221585 -0.060328 0.053009
0.221585 -0.060328 0.021133
0.233402 -0.015805 0.064274
0.221585 -0.060328 0.021133
0.231196 -0.029269 0.015834
0.152449 -0.036588 0.015834
0.172988 -0.074063 0.021133
0.172988 -0.074063 0.053009
0.152449 -0.036588 0.015834
0.172988 -0.074063 0.053009
0.152828 -0.020009 0.062727
0.225087 -0.151994 0.024972
0.264905 -0.215673 0.024972
0.264905 -0.215673 0.049170
0.225087 -0.151994 0.024972
0.264905 -0.215673 0.049170
0.225087 -0.151994 0.049170
0.197287 -0.067196 0.066551
0.238773 -0.145979 0.060364
0.252465 -0.139970 0.049170
0.197287 -0.067196 0.066551
0.252465 -0.139970 0.049170
0.221585 -0.060328 0.053009
0.197287 -0.067196 0.015204
0.238773 -0.145979 0.021391
0.225087 -0.151994 0.024972
0.197287 -0.067196 0.015204
0.225087 -0.151994 0.024972
0.172988 -0.074063 0.021133
0.221585 -0.060328 0.053009
0.252465 -0.139970 0.049170
0.252465 -0.139970 0.024972
0.221585 -0.060328 0.021133
0.273133 -0.203184 0.021391
0.316811 -0.209307 0.025896
0.311955 -0.214957 0.027772
0.273133 -0.203184 0.021391
0.311955 -0.214957 0.027772
0.264905 -0.215673 0.024972
0.238773 -0.145979 0.060364
0.273133 -0.203184 0.060364
0.281362 -0.190702 0.049170
0.238773 -0.145979 0.060364
0.281362 -0.190702 0.049170
0.252465 -0.139970 0.049170
0.238773 -0.145979 0.021391
0.273133 -0.203184 0.021391
0.264905 -0.215673 0.024972
0.238773 -0.145979 0.021391
0.264905 -0.215673 0.024972
0.225087 -0.151994 0.024972
0.252465 -0.139970 0.049170
0.281362 -0.190702 0.049170
0.281362 -0.190702 0.024972
0.252465 -0.139970 0.024972
0.316811 -0.209307 0.025896
0.316811 -0.209307 0.055859
0.311955 -0.214957 0.046370
0.311955 -0.214957 0.027772
0.281362 -0.190702 0.049170
0.321659 -0.203649 0.046370
0.321659 -0.203649 0.027772
0.281362 -0.190702 0.024972
0.264905 -0.215673 0.024972
0.311955 -0.214957 0.027772
0.311955 -0.214957 0.046370
0.264905 -0.215673 0.049170
0.273133 -0.203184 0.060364
0.316811 -0.209307 0.055859
0.321659 -0.203649 0.046370
0.273133 -0.203184 0.060364
0.321659 -0.203649 0.046370
0.281362 -0.190702 0.049170
-0.139164 0.048275 -0.000000
-0.137181 0.051713 0.057105
-0.125851 0.109563 0.013829
-0.139164 0.048275 -0.000000
-0.125851 0.109563 0.013829
-0.123280 0.108324 -0.000000
-0.137181 0.051713 0.057105
-0.106544 0.068700 0.087699
-0.119155 0.100654 0.065606
-0.137181 0.051713 0.057105
-0.119155 0.100654 0.065606
-0.125851 0.109563 0.013829
-0.125851 0.109563 0.013829
-0.135648 0.091759 0.036373
-0.125851 0.109563 0.013829
-0.135648 0.091759 -0.000000
-0.123280 0.108324 -0.000000
-0.119198 0.119130 0.027299
-0.143719 0.115027 0.036373
-0.135648 0.091759 0.036373
-0.119198 0.119130 0.027299
-0.135648 0.091759 0.036373
-0.125851 0.109563 0.013829
0.500000 0.056232 -0.000000
0.497007 0.058308 0.007247
0.487052 0.055924 0.008844
0.500000 0.056232 -0.000000
0.487052 0.055924 0.008844
0.488678 0.051791 -0.000000
-0.206740 0.111883 -0.000000
-0.278461 0.096916 -0.000000
-0.270906 0.075173 0.054054
-0.206740 0.111883 -0.000000
-0.270906 0.075173 0.054054
-0.206740 0.104987 0.040061
-0.143719 0.115027 0.036373
-0.188750 0.060049 0.051512
-0.170753 0.026433 0.022838
-0.143719 0.115027 0.036373
-0.170753 0.026433 0.022838
-0.135648 0.091759 0.036373
-0.151790 0.138294 -0.000000
-0.206740 0.111883 -0.000000
-0.206740 0.104987 0.040061
-0.151790 0.138294 -0.000000
-0.206740 0.104987 0.040061
-0.151790 0.131391 0.024922
-0.240599 0.019930 0.061166
-0.288394 -0.020238 0.055916
-0.267039 -0.056446 0.025602
-0.240599 0.019930 0.061166
-0.267039 -0.056446 0.025602
-0.211495 -0.025323 0.028524
-0.170753 0.026433 0.022838
-0.211495 -0.025323 0.028524
-0.202744 -0.043477 -0.000000
-0.170753 0.026433 0.022838
-0.202744 -0.043477 -0.000000
-0.170753 0.015010 -0.000000
-0.188750 0.060049 0.051512
-0.240599 0.019930 0.061166
-0.211495 -0.025323 0.028524
-0.188750 0.060049 0.051512
-0.211495 -0.025323 0.028524
-0.170753 0.026433 0.022838
-0.288394 -0.020238 0.055916
-0.340472 -0.079076 0.049543
-0.315164 -0.098992 0.020868
-0.288394 -0.020238 0.055916
-0.315164 -0.098992 0.020868
-0.267039 -0.056446 0.025602
-0.278461 0.096916 -0.000000
-0.317835 0.039617 -0.000000
-0.312722 0.024614 0.046836
-0.278461 0.096916 -0.000000
-0.312722 0.024614 0.046836
-0.270906 0.075173 0.054054
-0.211495 -0.025323 0.028524
-0.267039 -0.056446 0.025602
-0.258961 -0.073290 -0.000000
-0.211495 -0.025323 0.028524
-0.258961 -0.073290 -0.000000
-0.202744 -0.043477 -0.000000
-0.315164 -0.098992 0.020868
-0.375456 -0.133826 0.018469
-0.375456 -0.145255 -0.000000
-0.315164 -0.098992 0.020868
-0.375456 -0.145255 -0.000000
-0.315164 -0.110422 -0.000000
-0.317835 0.039617 -0.000000
-0.365788 -0.040928 -0.000000
-0.365788 -0.047824 0.038084
-0.317835 0.039617 -0.000000
-0.365788 -0.047824 0.038084
-0.312722 0.024614 0.046836
-0.267039 -0.056446 0.025602
-0.315164 -0.098992 0.020868
-0.315164 -0.110422 -0.000000
-0.267039 -0.056446 0.025602
-0.315164 -0.110422 -0.000000
-0.258961 -0.073290 -0.000000
-0.418983 -0.086460 -0.000000
-0.461436 -0.125504 -0.000000
-0.461436 -0.132400 0.030737
-0.418983 -0.086460 -0.000000
-0.461436 -0.132400 0.030737
-0.418983 -0.093356 0.035685
-0.340472 -0.079076 0.049543
-0.397219 -0.119259 0.047137
-0.375456 -0.133826 0.018469
-0.340472 -0.079076 0.049543
-0.375456 -0.133826 0.018469
-0.315164 -0.098992 0.020868
-0.365788 -0.040928 -0.000000
-0.418983 -0.086460 -0.000000
-0.418983 -0.093356 0.035685
-0.365788 -0.040928 -0.000000
-0.418983 -0.093356 0.035685
-0.365788 -0.047824 0.038084
-0.500000 -0.159922 0.007226
-0.461436 -0.125504 -0.000000
-0.500000 -0.159922 0.007226
-0.461436 -0.132400 0.030737
-0.375456 -0.133826 0.018469
-0.431422 -0.152503 0.013521
-0.431422 -0.163932 -0.000000
-0.375456 -0.133826 0.018469
-0.431422 -0.163932 -0.000000
-0.375456 -0.145255 -0.000000
-0.397219 -0.119259 0.047137
-0.446433 -0.148120 0.042195
-0.431422 -0.152503 0.013521
-0.397219 -0.119259 0.047137
-0.431422 -0.152503 0.013521
-0.375456 -0.133826 0.018469
-0.431422 -0.152503 0.013521
-0.495990 -0.165973 0.007226
-0.431422 -0.152503 0.013521
-0.495990 -0.165973 -0.000000
-0.431422 -0.163932 -0.000000
-0.446433 -0.148120 0.042195
-0.497995 -0.162944 0.007226
-0.495990 -0.165973 0.007226
-0.446433 -0.148120 0.042195
-0.495990 -0.165973 0.007226
-0.431422 -0.152503 0.013521
0.264905 -0.215673 0.049170
0.311955 -0.214957 0.046370
0.316811 -0.209307 0.055859
0.264905 -0.215673 0.049170
0.316811 -0.209307 0.055859
0.273133 -0.203184 0.060364
0.321659 -0.203649 0.027772
0.321659 -0.203649 0.046370
0.316811 -0.209307 0.055859
0.316811 -0.209307 0.025896
0.252465 -0.139970 0.024972
0.281362 -0.190702 0.024972
0.273133 -0.203184 0.021391
0.252465 -0.139970 0.024972
0.273133 -0.203184 0.021391
0.238773 -0.145979 0.021391
0.225087 -0.151994 0.049170
0.264905 -0.215673 0.049170
0.273133 -0.203184 0.060364
0.225087 -0.151994 0.049170
0.273133 -0.203184 0.060364
0.238773 -0.145979 0.060364
0.281362 -0.190702 0.024972
0.321659 -0.203649 0.027772
0.316811 -0.209307 0.025896
0.281362 -0.190702 0.024972
0.316811 -0.209307 0.025896
0.273133 -0.203184 0.021391
0.221585 -0.060328 0.021133
0.252465 -0.139970 0.024972
0.238773 -0.145979 0.021391
0.221585 -0.060328 0.021133
0.238773 -0.145979 0.021391
0.197287 -0.067196 0.015204
0.172988 -0.074063 0.053009
0.225087 -0.151994 0.049170
0.238773 -0.145979 0.060364
0.172988 -0.074063 0.053009
0.238773 -0.145979 0.060364
0.197287 -0.067196 0.066551
0.231196 -0.029269 0.015834
0.221585 -0.060328 0.021133
0.197287 -0.067196 0.015204
0.231196 -0.029269 0.015834
0.197287 -0.067196 0.015204
0.191822 -0.033938 0.006667
0.214904 0.140235 -0.000000
0.214904 0.135623 0.015834
0.234096 0.138932 0.006667
0.214904 0.140235 -0.000000
0.234096 0.138932 0.006667
0.234096 0.143551 -0.000000
0.231196 -0.031288 -0.000000
0.231196 -0.029269 0.015834
0.191822 -0.033938 0.006667
0.191822 -0.033938 0.006667
0.152828 -0.020009 0.062727
0.172988 -0.074063 0.053009
0.197287 -0.067196 0.066551
0.152828 -0.020009 0.062727
0.197287 -0.067196 0.066551
0.191822 -0.033938 0.082535
0.214904 0.135623 0.015834
0.219494 0.115034 0.059827
0.238687 0.118343 0.058380
0.214904 0.135623 0.015834
0.238687 0.118343 0.058380
0.234096 0.138932 0.006667
0.185126 0.047509 0.100990
0.214216 0.042202 0.110171
0.238687 0.118343 0.058380
0.185126 0.047509 0.100990
0.238687 0.118343 0.058380
0.219494 0.115034 0.059827
-0.040544 -0.199267 0.026662
0.000483 -0.210095 0.028574
-0.001901 -0.216418 0.029677
-0.040544 -0.199267 0.026662
-0.001901 -0.216418 0.029677
-0.047813 -0.210396 0.026791
-0.054996 -0.221524 0.048547
-0.004200 -0.222749 0.046635
-0.001901 -0.216418 0.054907
-0.054996 -0.221524 0.048547
-0.001901 -0.216418 0.054907
-0.047813 -0.210396 0.057793
0.000483 -0.210095 0.028574
0.000483 -0.210095 0.042575
-0.001901 -0.216418 0.054907
-0.001901 -0.216418 0.029677
-0.073816 -0.134735 0.025631
-0.040544 -0.199267 0.026662
-0.047813 -0.210396 0.026791
-0.073816 -0.134735 0.025631
-0.047813 -0.210396 0.026791
-0.088784 -0.142426 0.025230
-0.103665 -0.150118 0.045518
-0.054996 -0.221524 0.048547
-0.047813 -0.210396 0.057793
-0.103665 -0.150118 0.045518
-0.047813 -0.210396 0.057793
-0.088784 -0.142426 0.055286
-0.125071 -0.130152 0.050001
-0.103665 -0.150118 0.045518
-0.088784 -0.142426 0.055286
-0.125071 -0.130152 0.050001
-0.088784 -0.142426 0.055286
-0.095114 -0.118722 0.062068
-0.053929 -0.093457 0.021799
-0.065079 -0.107292 0.021148
-0.095114 -0.118722 0.018455
-0.053929 -0.093457 0.021799
-0.095114 -0.118722 0.018455
-0.083642 -0.096930 0.019436
-0.113269 -0.100403 0.049349
-0.125071 -0.130152 0.050001
-0.095114 -0.118722 0.062068
-0.113269 -0.100403 0.049349
-0.095114 -0.118722 0.062068
-0.083642 -0.096930 0.061080
-0.065079 -0.107292 0.021148
-0.073816 -0.134735 0.025631
-0.088784 -0.142426 0.025230
-0.065079 -0.107292 0.021148
-0.088784 -0.142426 0.025230
-0.095114 -0.118722 0.018455
-0.105928 -0.067239 0.055308
-0.113269 -0.100403 0.049349
-0.083642 -0.096930 0.061080
-0.105928 -0.067239 0.055308
-0.083642 -0.096930 0.061080
-0.056078 -0.061402 0.070096
0.012164 -0.016070 0.015834
-0.006148 -0.055566 0.015834
-0.056078 -0.061402 0.010427
-0.037766 -0.021907 0.010427
-0.006148 -0.055566 0.015834
-0.053929 -0.093457 0.021799
-0.083642 -0.096930 0.019436
-0.006148 -0.055566 0.015834
-0.083642 -0.096930 0.019436
-0.056078 -0.061402 0.010427
-0.053313 0.156004 -0.000000
-0.053313 0.151385 0.015834
-0.003613 0.146816 0.010427
-0.053313 0.156004 -0.000000
-0.003613 0.146816 0.010427
-0.003613 0.151428 -0.000000
0.012164 -0.016070 0.015834
-0.037766 -0.021907 0.010427
-0.089786 -0.011236 0.064883
-0.105928 -0.067239 0.055308
-0.056078 -0.061402 0.070096
-0.089786 -0.011236 0.064883
-0.056078 -0.061402 0.070096
-0.037766 -0.021907 0.080065
-0.053313 0.151385 0.015834
-0.048315 0.130574 0.063909
0.000978 0.126220 0.061739
-0.053313 0.151385 0.015834
0.000978 0.126220 0.061739
-0.003613 0.146816 0.010427
-0.069204 0.051526 0.106132
-0.019433 0.052157 0.110615
0.000978 0.126220 0.061739
-0.069204 0.051526 0.106132
0.000978 0.126220 0.061739
-0.048315 0.130574 0.063909
-0.461436 -0.132400 0.030737
-0.500000 -0.159922 0.007226
-0.497995 -0.162944 0.007226
-0.461436 -0.132400 0.030737
-0.497995 -0.162944 0.007226
-0.446433 -0.148120 0.042195
-0.418983 -0.093356 0.035685
-0.461436 -0.132400 0.030737
-0.446433 -0.148120 0.042195
-0.418983 -0.093356 0.035685
-0.446433 -0.148120 0.042195
-0.397219 -0.119259 0.047137
-0.365788 -0.047824 0.038084
-0.418983 -0.093356 0.035685
-0.397219 -0.119259 0.047137
-0.365788 -0.047824 0.038084
-0.397219 -0.119259 0.047137
-0.340472 -0.079076 0.049543
-0.312722 0.024614 0.046836
-0.365788 -0.047824 0.038084
-0.340472 -0.079076 0.049543
-0.312722 0.024614 0.046836
-0.340472 -0.079076 0.049543
-0.288394 -0.020238 0.055916
-0.206740 0.104987 0.040061
-0.270906 0.075173 0.054054
-0.240599 0.019930 0.061166
-0.206740 0.104987 0.040061
-0.240599 0.019930 0.061166
-0.188750 0.060049 0.051512
-0.270906 0.075173 0.054054
-0.312722 0.024614 0.046836
-0.288394 -0.020238 0.055916
-0.270906 0.075173 0.054054
-0.288394 -0.020238 0.055916
-0.240599 0.019930 0.061166
-0.151790 0.131391 0.024922
-0.206740 0.104987 0.040061
-0.188750 0.060049 0.051512
-0.151790 0.131391 0.024922
-0.188750 0.060049 0.051512
-0.143719 0.115027 0.036373
-0.104482 0.135265 0.015834
-0.151790 0.131391 0.024922
-0.143719 0.115027 0.036373
-0.104482 0.135265 0.015834
-0.143719 0.115027 0.036373
-0.119198 0.119130 0.027299
-0.125851 0.109563 0.013829
-0.119155 0.100654 0.065606
-0.109137 0.117619 0.051720
-0.125851 0.109563 0.013829
-0.109137 0.117619 0.051720
-0.119198 0.119130 0.027299
-0.495990 -0.165973 0.007226
-0.497995 -0.162944 0.007226
-0.500000 -0.159922 0.007226
-0.069204 0.051526 0.106132
-0.048315 0.130574 0.063909
-0.119155 0.100654 0.065606
-0.069204 0.051526 0.106132
-0.119155 0.100654 0.065606
-0.106544 0.068700 0.087699
-0.089786 -0.011236 0.064883
-0.069204 0.051526 0.106132
-0.106544 0.068700 0.087699
-0.089786 -0.011236 0.064883
-0.106544 0.068700 0.087699
-0.109115 0.024313 0.055523
-0.089786 -0.011236 0.064883
-0.037766 -0.021907 0.080065
-0.019433 0.052157 0.110615
-0.089786 -0.011236 0.064883
-0.019433 0.052157 0.110615
-0.069204 0.051526 0.106132
0.152828 -0.020009 0.062727
0.191822 -0.033938 0.082535
0.214216 0.042202 0.110171
0.152828 -0.020009 0.062727
0.214216 0.042202 0.110171
0.185126 0.047509 0.100990
0.499191 0.068542 -0.000000
0.498661 0.067661 0.005586
0.497007 0.058308 0.007247
0.499191 0.068542 -0.000000
0.497007 0.058308 0.007247
0.500000 0.056232 -0.000000
-0.128530 0.023611 0.029877
-0.109115 0.024313 0.055523
-0.106544 0.068700 0.087699
-0.128530 0.023611 0.029877
-0.106544 0.068700 0.087699
-0.137181 0.051713 0.057105
-0.136994 0.020052 -0.000000
-0.128530 0.023611 0.029877
-0.137181 0.051713 0.057105
-0.136994 0.020052 -0.000000
-0.137181 0.051713 0.057105
-0.139164 0.048275 -0.000000
0.498661 0.067661 0.005586
0.481781 0.070554 0.019529
0.477585 0.064918 0.025387
0.498661 0.067661 0.005586
0.477585 0.064918 0.025387
0.497007 0.058308 0.007247
0.465016 0.065219 0.027407
0.476002 0.060235 0.023131
0.477585 0.064918 0.025387
0.465016 0.065219 0.027407
0.477585 0.064918 0.025387
0.461264 0.077974 0.041178
0.443690 0.066773 0.030930
0.465016 0.065219 0.027407
0.461264 0.077974 0.041178
0.443690 0.066773 0.030930
0.461264 0.077974 0.041178
0.442573 0.098069 0.053482
0.410604 0.070741 0.039603
0.443690 0.066773 0.030930
0.442573 0.098069 0.053482
0.410604 0.070741 0.039603
0.442573 0.098069 0.053482
0.412795 0.112957 0.057370
0.368287 0.059254 0.044372
0.410604 0.070741 0.039603
0.412795 0.112957 0.057370
0.368287 0.059254 0.044372
0.412795 0.112957 0.057370
0.374560 0.111417 0.058444
0.303548 0.026547 0.034554
0.368287 0.059254 0.044372
0.374560 0.111417 0.058444
0.303548 0.026547 0.034554
0.374560 0.111417 0.058444
0.310988 0.082235 0.064274
0.233402 -0.015805 0.064274
0.303548 0.026547 0.034554
0.310988 0.082235 0.064274
0.233402 -0.015805 0.064274
0.310988 0.082235 0.064274
0.243499 0.045181 0.107636
0.191822 -0.033938 0.082535
0.233402 -0.015805 0.064274
0.243499 0.045181 0.107636
0.191822 -0.033938 0.082535
0.243499 0.045181 0.107636
0.214216 0.042202 0.110171
0.077390 -0.019343 0.049686
0.152828 -0.020009 0.062727
0.185126 0.047509 0.100990
0.077390 -0.019343 0.049686
0.185126 0.047509 0.100990
0.109688 0.048175 0.094466
0.012543 0.000501 0.059733
0.077390 -0.019343 0.049686
0.109688 0.048175 0.094466
0.012543 0.000501 0.059733
0.109688 0.048175 0.094466
0.030619 0.061073 0.099494
-0.037766 -0.021907 0.080065
0.012543 0.000501 0.059733
0.030619 0.061073 0.099494
-0.037766 -0.021907 0.080065
0.030619 0.061073 0.099494
-0.019433 0.052157 0.110615
0.422864 0.183741 0.023754
0.435318 0.221324 0.059103
0.434888 0.220529 0.060858
0.422864 0.183741 0.023754
0.434888 0.220529 0.060858
0.418095 0.174918 0.058903
0.376365 0.187901 0.012919
0.396474 0.199596 0.022480
0.422864 0.183741 0.023754
0.376365 0.187901 0.012919
0.422864 0.183741 0.023754
0.418711 0.172676 0.012919
0.410790 0.154071 0.052508
0.418095 0.174918 0.058903
0.396346 0.185116 0.056052
0.410790 0.154071 0.052508
0.396346 0.185116 0.056052
0.376637 0.162486 0.049894
0.418711 0.172676 0.012919
0.422864 0.183741 0.023754
0.418095 0.174918 0.058903
0.418711 0.172676 0.012919
0.418095 0.174918 0.058903
0.410790 0.154071 0.052508
0.432940 0.222749 0.058989
0.432933 0.221446 0.060600
0.434888 0.220529 0.060858
0.432940 0.222749 0.058989
0.434888 0.220529 0.060858
0.435318 0.221324 0.059103
0.418095 0.174918 0.058903
0.434888 0.220529 0.060858
0.432933 0.221446 0.060600
0.418095 0.174918 0.058903
0.432933 0.221446 0.060600
0.396346 0.185116 0.056052
0.396474 0.199596 0.022480
0.432940 0.222749 0.058989
0.435318 0.221324 0.059103
0.396474 0.199596 0.022480
0.435318 0.221324 0.059103
0.422864 0.183741 0.023754
0.396346 0.185116 0.056052
0.432933 0.221446 0.060600
0.432940 0.222749 0.058989
0.396346 0.185116 0.056052
0.432940 0.222749 0.058989
0.396474 0.199596 0.022480
